# == Iter    0 ==
Timepoint   	           1	           2	           3
0.000000e+00	1.000000e+00	0.000000e+00	0.000000e+00
1.000000e-04	9.999700e-01	2.999430e-05	5.249335e-09
1.010000e-02	9.969746e-01	2.972538e-03	5.287615e-05
9.890236e-02	9.707651e-01	2.469043e-02	4.544421e-03
1.916948e-01	9.441139e-01	4.058268e-02	1.530339e-02
2.896737e-01	9.167668e-01	5.193283e-02	3.130032e-02
3.936706e-01	8.886061e-01	5.967051e-02	5.172336e-02
5.045965e-01	8.595219e-01	6.454887e-02	7.592922e-02
6.233667e-01	8.294354e-01	6.718081e-02	1.033837e-01
7.510418e-01	7.982667e-01	6.807099e-02	1.336623e-01
8.890978e-01	7.658803e-01	6.762764e-02	1.664920e-01
1.039475e+00	7.320968e-01	6.616839e-02	2.017348e-01
1.204765e+00	6.966797e-01	6.393114e-02	2.393891e-01
1.388534e+00	6.593109e-01	6.108369e-02	2.796054e-01
1.595900e+00	6.195450e-01	5.773066e-02	3.227243e-01
1.834625e+00	5.767262e-01	5.391558e-02	3.693582e-01
2.117456e+00	5.298100e-01	4.961301e-02	4.205770e-01
2.800654e+00	4.316258e-01	4.045973e-02	5.279145e-01
3.462842e+00	3.538604e-01	3.317390e-02	6.129657e-01
4.279689e+00	2.769532e-01	2.596434e-02	6.970824e-01
5.000000e+00	2.231302e-01	2.091845e-02	7.559514e-01


# == Iter    5 ==
Timepoint   	           1	           2	           3
0.000000e+00	1.000000e+00	0.000000e+00	0.000000e+00
1.000000e-04	9.998487e-01	1.513215e-04	7.649896e-09
1.010000e-02	9.848308e-01	1.509178e-02	7.738307e-05
1.144698e-01	8.409364e-01	1.499535e-01	9.110117e-03
2.368072e-01	6.988037e-01	2.659466e-01	3.524969e-02
3.659699e-01	5.747265e-01	3.494592e-01	7.581428e-02
5.008052e-01	4.686395e-01	4.038683e-01	1.274922e-01
6.411420e-01	3.789664e-01	4.338372e-01	1.871964e-01
7.869958e-01	3.039039e-01	4.439568e-01	2.521393e-01
9.384853e-01	2.416393e-01	4.384731e-01	3.198876e-01
1.095819e+00	1.904398e-01	4.211755e-01	3.883847e-01
1.259298e+00	1.486994e-01	3.953537e-01	4.559469e-01
1.429318e+00	1.149637e-01	3.637952e-01	5.212410e-01
1.606390e+00	8.793835e-02	3.288093e-01	5.832524e-01
1.791147e+00	6.648813e-02	2.922654e-01	6.412465e-01
1.984383e+00	4.962918e-02	2.556391e-01	6.947317e-01
2.187088e+00	3.651798e-02	2.200609e-01	7.434212e-01
2.400504e+00	2.643843e-02	1.863651e-01	7.871965e-01
2.626223e+00	1.878794e-02	1.551347e-01	8.260773e-01
2.866320e+00	1.306387e-02	1.267436e-01	8.601925e-01
3.123615e+00	8.850362e-03	1.013916e-01	8.897580e-01
3.402141e+00	5.806258e-03	7.913461e-02	9.150591e-01
3.708191e+00	3.653767e-03	5.990365e-02	9.364426e-01
4.053240e+00	2.167468e-03	4.349754e-02	9.543350e-01
4.438455e+00	1.209942e-03	3.024426e-02	9.685458e-01
4.868754e+00	6.308775e-04	2.003374e-02	9.793354e-01
5.000000e+00	5.172274e-04	1.765040e-02	9.818324e-01


# == Iter   10 ==
Timepoint   	           1	           2	           3
0.000000e+00	1.000000e+00	0.000000e+00	0.000000e+00
1.000000e-04	9.997974e-01	2.026350e-04	1.002029e-08
1.010000e-02	9.797388e-01	2.015996e-02	1.011956e-04
9.354390e-02	8.273055e-01	1.647064e-01	7.988096e-03
1.907097e-01	6.794287e-01	2.903881e-01	3.018320e-02
2.934984e-01	5.516617e-01	3.835936e-01	6.474469e-02
4.010560e-01	4.436131e-01	4.471890e-01	1.091979e-01
5.132706e-01	3.533759e-01	4.854479e-01	1.611761e-01
6.301785e-01	2.788294e-01	5.026834e-01	2.184872e-01
7.518977e-01	2.178741e-01	5.029610e-01	2.791649e-01
8.786193e-01	1.685270e-01	4.899750e-01	3.414980e-01
1.010607e+00	1.289729e-01	4.669909e-01	4.040362e-01
1.148203e+00	9.758690e-02	4.368305e-01	4.655825e-01
1.291837e+00	7.294072e-02	4.018826e-01	5.251767e-01
1.442040e+00	5.379803e-02	3.641297e-01	5.820722e-01
1.599467e+00	3.910246e-02	3.251843e-01	6.357132e-01
1.764927e+00	2.796227e-02	2.863291e-01	6.857086e-01
1.939421e+00	1.963309e-02	2.485581e-01	7.318088e-01
2.124212e+00	1.350025e-02	2.126165e-01	7.738833e-01
2.320921e+00	9.061604e-03	1.790371e-01	8.119013e-01
2.531689e+00	5.911461e-03	1.481740e-01	8.459145e-01
2.759463e+00	3.725769e-03	1.202291e-01	8.760451e-01
3.008571e+00	2.248847e-03	9.527202e-02	9.024791e-01
3.286082e+00	1.281457e-03	7.324137e-02	9.254772e-01
3.601832e+00	6.757594e-04	5.410906e-02	9.452152e-01
3.960136e+00	3.269079e-04	3.825225e-02	9.614208e-01
4.373497e+00	1.414487e-04	2.556473e-02	9.742938e-01
4.798845e+00	5.973419e-05	1.685109e-02	9.830892e-01
5.000000e+00	3.973497e-05	1.382925e-02	9.861310e-01


# == Iter   -1 ==
Timepoint   	           1	           2	           3
0.000000e+00	1.000000e+00	0.000000e+00	0.000000e+00
1.000000e-04	9.997974e-01	2.026350e-04	1.002029e-08
1.010000e-02	9.797388e-01	2.015996e-02	1.011956e-04
9.354390e-02	8.273055e-01	1.647064e-01	7.988096e-03
1.907097e-01	6.794287e-01	2.903881e-01	3.018320e-02
2.934984e-01	5.516617e-01	3.835936e-01	6.474469e-02
4.010560e-01	4.436131e-01	4.471890e-01	1.091979e-01
5.132706e-01	3.533759e-01	4.854479e-01	1.611761e-01
6.301785e-01	2.788294e-01	5.026834e-01	2.184872e-01
7.518977e-01	2.178741e-01	5.029610e-01	2.791649e-01
8.786193e-01	1.685270e-01	4.899750e-01	3.414980e-01
1.010607e+00	1.289729e-01	4.669909e-01	4.040362e-01
1.148203e+00	9.758690e-02	4.368305e-01	4.655825e-01
1.291837e+00	7.294072e-02	4.018826e-01	5.251767e-01
1.442040e+00	5.379803e-02	3.641297e-01	5.820722e-01
1.599467e+00	3.910246e-02	3.251843e-01	6.357132e-01
1.764927e+00	2.796227e-02	2.863291e-01	6.857086e-01
1.939421e+00	1.963309e-02	2.485581e-01	7.318088e-01
2.124212e+00	1.350025e-02	2.126165e-01	7.738833e-01
2.320921e+00	9.061604e-03	1.790371e-01	8.119013e-01
2.531689e+00	5.911461e-03	1.481740e-01	8.459145e-01
2.759463e+00	3.725769e-03	1.202291e-01	8.760451e-01
3.008571e+00	2.248847e-03	9.527202e-02	9.024791e-01
3.286082e+00	1.281457e-03	7.324137e-02	9.254772e-01
3.601832e+00	6.757594e-04	5.410906e-02	9.452152e-01
3.960136e+00	3.269079e-04	3.825225e-02	9.614208e-01
4.373497e+00	1.414487e-04	2.556473e-02	9.742938e-01
4.798845e+00	5.973419e-05	1.685109e-02	9.830892e-01
5.000000e+00	3.973497e-05	1.382925e-02	9.861310e-01


