# == Iter    0 ==
Timepoint   	A           	B           	C           
0.000000e+00	1.000000e+00	0.000000e+00	0.000000e+00
1.000000e-04	9.999700e-01	2.999430e-05	5.249334e-09
1.010000e-02	9.969746e-01	2.972494e-03	5.287527e-05
8.621030e-02	9.744715e-01	2.202268e-02	3.505847e-03
1.768428e-01	9.483410e-01	3.841300e-02	1.324595e-02
2.752130e-01	9.207765e-01	5.052790e-02	2.869562e-02
3.817831e-01	8.918213e-01	5.894828e-02	4.923047e-02
4.981263e-01	8.612522e-01	6.432341e-02	7.442435e-02
6.251190e-01	8.290823e-01	6.719548e-02	1.037223e-01
7.631155e-01	7.954874e-01	6.808219e-02	1.364304e-01
9.137154e-01	7.603771e-01	6.746184e-02	1.721611e-01
1.079311e+00	7.235578e-01	6.571304e-02	2.107291e-01
1.263280e+00	6.847406e-01	6.311545e-02	2.521439e-01
1.470508e+00	6.435047e-01	5.985821e-02	2.966371e-01
1.708403e+00	5.992192e-01	5.604639e-02	3.447344e-01
1.989061e+00	5.508756e-01	5.169867e-02	3.974257e-01
2.591570e+00	4.598619e-01	4.331407e-02	4.968241e-01
3.863456e+00	3.141030e-01	2.977311e-02	6.561239e-01
4.960826e+00	2.260651e-01	2.158821e-02	7.523466e-01
5.000000e+00	2.234264e-01	2.134288e-02	7.552307e-01


# == Iter    1 ==
Timepoint   	A           	B           	C           
0.000000e+00	1.000000e+00	0.000000e+00	0.000000e+00
1.000000e-04	9.999696e-01	3.037323e-05	5.187475e-09
1.010000e-02	9.969365e-01	3.011252e-03	5.226613e-05
8.741100e-02	9.737981e-01	2.263746e-02	3.564449e-03
1.796104e-01	9.469099e-01	3.957217e-02	1.351792e-02
2.796772e-01	9.185715e-01	5.210199e-02	2.932656e-02
3.880752e-01	8.888336e-01	6.081545e-02	5.035095e-02
5.063989e-01	8.574738e-01	6.637513e-02	7.615107e-02
6.355705e-01	8.245033e-01	6.933623e-02	1.061605e-01
7.758623e-01	7.901308e-01	7.022955e-02	1.396397e-01
9.288474e-01	7.542810e-01	6.955107e-02	1.761679e-01
1.096892e+00	7.167750e-01	6.769526e-02	2.155297e-01
1.283332e+00	6.773423e-01	6.495511e-02	2.577026e-01
1.492969e+00	6.355890e-01	6.153084e-02	3.028802e-01
1.733040e+00	5.909263e-01	5.753694e-02	3.515368e-01
2.015249e+00	5.424207e-01	5.300134e-02	4.045779e-01
2.616202e+00	4.519880e-01	4.433205e-02	5.036799e-01
3.908027e+00	3.053916e-01	3.015154e-02	6.644569e-01
5.000000e+00	2.192451e-01	2.181126e-02	7.589436e-01


# == Iter    2 ==
Timepoint   	A           	B           	C           
0.000000e+00	1.000000e+00	0.000000e+00	0.000000e+00
1.000000e-04	9.999615e-01	3.854556e-05	3.311666e-09
1.010000e-02	9.961141e-01	3.852337e-03	3.354591e-05
8.284937e-02	9.685702e-01	2.928409e-02	2.145687e-03
2.866810e-01	8.954110e-01	8.221440e-02	2.237459e-02
4.585729e-01	8.380496e-01	1.107857e-01	5.116472e-02
6.387442e-01	7.818812e-01	1.295307e-01	8.858808e-02
8.344349e-01	7.251443e-01	1.406615e-01	1.341941e-01
1.048888e+00	6.676957e-01	1.452963e-01	1.870080e-01
1.279797e+00	6.109260e-01	1.445172e-01	2.445568e-01
1.527311e+00	5.554293e-01	1.396176e-01	3.049530e-01
1.793087e+00	5.014435e-01	1.317480e-01	3.668084e-01
2.079587e+00	4.491138e-01	1.218505e-01	4.290357e-01
2.390148e+00	3.985417e-01	1.106685e-01	4.907898e-01
2.729297e+00	3.497982e-01	9.877113e-02	5.514307e-01
3.103304e+00	3.029285e-01	8.657997e-02	6.104915e-01
3.521181e+00	2.579503e-01	7.439528e-02	6.676544e-01
3.996647e+00	2.148391e-01	6.241608e-02	7.227448e-01
4.552700e+00	1.734726e-01	5.074552e-02	7.757819e-01
5.000000e+00	1.460546e-01	4.295092e-02	8.109944e-01


# == Iter    3 ==
Timepoint   	A           	B           	C           
0.000000e+00	1.000000e+00	0.000000e+00	0.000000e+00
1.000000e-04	9.999297e-01	7.029414e-05	3.891456e-09
1.010000e-02	9.929249e-01	7.035639e-03	3.945739e-05
8.610115e-02	9.412732e-01	5.598761e-02	2.739157e-03
3.188469e-01	7.992766e-01	1.680122e-01	3.271124e-02
5.178302e-01	6.950487e-01	2.281162e-01	7.683512e-02
7.281918e-01	5.996466e-01	2.656230e-01	1.347304e-01
9.564667e-01	5.109159e-01	2.845120e-01	2.045720e-01
1.205060e+00	4.291905e-01	2.873217e-01	2.834878e-01
1.473813e+00	3.555089e-01	2.769600e-01	3.675311e-01
1.756785e+00	2.915834e-01	2.572644e-01	4.511522e-01
2.053437e+00	2.368927e-01	2.318443e-01	5.312630e-01
2.364278e+00	1.905738e-01	2.035824e-01	6.058438e-01
2.690317e+00	1.517021e-01	1.746534e-01	6.736444e-01
3.033066e+00	1.193653e-01	1.466099e-01	7.340248e-01
3.394686e+00	9.269736e-02	1.204852e-01	7.868174e-01
3.778253e+00	7.089683e-02	9.689820e-02	8.322050e-01
4.188240e+00	5.323540e-02	7.614941e-02	8.706152e-01
4.631481e+00	3.905875e-02	5.830211e-02	9.026391e-01
5.000000e+00	3.019491e-02	4.653745e-02	9.232676e-01


# == Iter    4 ==
Timepoint   	A           	B           	C           
0.000000e+00	1.000000e+00	0.000000e+00	0.000000e+00
1.000000e-04	9.998891e-01	1.108962e-04	5.993025e-09
1.010000e-02	9.888609e-01	1.107838e-02	6.068941e-05
7.027889e-02	9.250228e-01	7.216488e-02	2.812353e-03
2.631292e-01	7.469801e-01	2.187087e-01	3.431120e-02
4.285770e-01	6.218720e-01	2.971619e-01	8.096608e-02
6.036908e-01	5.122543e-01	3.455211e-01	1.422246e-01
7.935804e-01	4.151596e-01	3.689379e-01	2.159025e-01
1.000044e+00	3.303988e-01	3.708927e-01	2.987085e-01
1.222451e+00	2.583889e-01	3.554746e-01	3.861365e-01
1.455577e+00	1.997298e-01	3.280517e-01	4.722185e-01
1.698762e+00	1.527119e-01	2.935533e-01	5.537348e-01
1.952176e+00	1.154766e-01	2.558497e-01	6.286736e-01
2.216364e+00	8.630954e-02	2.178028e-01	6.958876e-01
2.492225e+00	6.370160e-02	1.814001e-01	7.548983e-01
2.781108e+00	4.635969e-02	1.479130e-01	8.057273e-01
3.084977e+00	3.319797e-02	1.180523e-01	8.487497e-01
3.406711e+00	2.331929e-02	9.211016e-02	8.845705e-01
3.750677e+00	1.599204e-02	7.007772e-02	9.139302e-01
4.123999e+00	1.062516e-02	5.173654e-02	9.376383e-01
4.530569e+00	6.811297e-03	3.699979e-02	9.561889e-01
4.969426e+00	4.218317e-03	2.572516e-02	9.700565e-01
5.000000e+00	4.079966e-03	2.508343e-02	9.708366e-01


# == Iter    5 ==
Timepoint   	A           	B           	C           
0.000000e+00	1.000000e+00	0.000000e+00	0.000000e+00
1.000000e-04	9.998408e-01	1.592222e-04	8.022394e-09
1.010000e-02	9.840453e-01	1.587352e-02	8.112933e-05
9.848111e-02	8.548745e-01	1.379783e-01	7.147236e-03
2.217238e-01	7.026075e-01	2.647699e-01	3.262267e-02
3.561943e-01	5.672873e-01	3.574782e-01	7.523447e-02
5.019484e-01	4.499347e-01	4.175091e-01	1.325562e-01
6.604885e-01	3.497305e-01	4.482139e-01	2.020557e-01
8.331744e-01	2.658532e-01	4.533855e-01	2.807612e-01
1.017453e+00	1.984569e-01	4.378904e-01	3.636526e-01
1.210926e+00	1.460470e-01	4.078515e-01	4.461015e-01
1.413334e+00	1.060072e-01	3.688034e-01	5.251894e-01
1.624898e+00	7.587338e-02	3.251882e-01	5.989384e-01
1.844373e+00	5.366145e-02	2.807183e-01	6.656203e-01
2.072049e+00	3.749027e-02	2.378045e-01	7.247052e-01
2.309528e+00	2.581333e-02	1.978204e-01	7.763663e-01
2.558874e+00	1.746394e-02	1.615451e-01	8.209910e-01
2.822533e+00	1.156915e-02	1.293735e-01	8.590573e-01
3.103418e+00	7.474196e-03	1.014405e-01	8.910853e-01
3.405063e+00	4.686631e-03	7.769882e-02	9.176145e-01
3.731871e+00	2.835979e-03	5.797071e-02	9.391933e-01
4.089515e+00	1.644501e-03	4.198308e-02	9.563724e-01
4.485590e+00	9.057561e-04	2.939377e-02	9.697005e-01
4.930725e+00	4.685084e-04	1.981294e-02	9.797185e-01
5.000000e+00	4.233544e-04	1.865184e-02	9.809248e-01


# == Iter    6 ==
Timepoint   	A           	B           	C           
0.000000e+00	1.000000e+00	0.000000e+00	0.000000e+00
1.000000e-04	9.998053e-01	1.946992e-04	9.669560e-09
1.010000e-02	9.805249e-01	1.937740e-02	9.767623e-05
8.623813e-02	8.454322e-01	1.479558e-01	6.611992e-03
1.941446e-01	6.852740e-01	2.845114e-01	3.021462e-02
3.121066e-01	5.447417e-01	3.853814e-01	6.987692e-02
4.400026e-01	4.247926e-01	4.517776e-01	1.234298e-01
5.792170e-01	3.240980e-01	4.872262e-01	1.886759e-01
7.310681e-01	2.413279e-01	4.956238e-01	2.630483e-01
8.920147e-01	1.766021e-01	4.820616e-01	3.413363e-01
1.059703e+00	1.276047e-01	4.531510e-01	4.192443e-01
1.231643e+00	9.148759e-02	4.151999e-01	4.933126e-01
1.408310e+00	6.503305e-02	3.726918e-01	5.622752e-01
1.590779e+00	4.574585e-02	3.286595e-01	6.255947e-01
1.780387e+00	3.176813e-02	2.851377e-01	6.830942e-01
1.978703e+00	2.172082e-02	2.434766e-01	7.348025e-01
2.187562e+00	1.457700e-02	2.045562e-01	7.808668e-01
2.409125e+00	9.568656e-03	1.689296e-01	8.215017e-01
2.645979e+00	6.119240e-03	1.369186e-01	8.569621e-01
2.901299e+00	3.795099e-03	1.086758e-01	8.875291e-01
3.179102e+00	2.270526e-03	8.422502e-02	9.135045e-01
3.484651e+00	1.302341e-03	6.348938e-02	9.352083e-01
3.825138e+00	7.110427e-04	4.631093e-02	9.529780e-01
4.210888e+00	3.664970e-04	3.246675e-02	9.671668e-01
4.657690e+00	1.767436e-04	2.168225e-02	9.781410e-01
5.000000e+00	1.045501e-04	1.606261e-02	9.838328e-01


# == Iter    7 ==
Timepoint   	A           	B           	C           
0.000000e+00	1.000000e+00	0.000000e+00	0.000000e+00
1.000000e-04	9.997974e-01	2.025920e-04	1.005825e-08
1.010000e-02	9.797434e-01	2.015502e-02	1.015760e-04
8.390746e-02	8.436704e-01	1.498179e-01	6.511734e-03
1.888173e-01	6.821739e-01	2.880877e-01	2.973849e-02
3.035453e-01	5.407816e-01	3.904226e-01	6.879580e-02
4.279401e-01	4.204393e-01	4.579957e-01	1.215650e-01
5.633602e-01	3.197187e-01	4.943669e-01	1.859143e-01
7.110308e-01	2.372316e-01	5.034513e-01	2.593171e-01
8.673983e-01	1.730117e-01	4.903784e-01	3.366099e-01
1.028993e+00	1.248997e-01	4.620550e-01	4.130453e-01
1.194533e+00	8.949462e-02	4.246588e-01	4.858466e-01
1.364652e+00	6.357467e-02	3.825567e-01	5.538686e-01
1.540420e+00	4.468528e-02	3.387270e-01	6.165877e-01
1.723136e+00	3.100320e-02	2.951865e-01	6.738103e-01
1.914326e+00	2.117530e-02	2.532890e-01	7.255357e-01
2.115771e+00	1.419374e-02	2.139313e-01	7.718750e-01
2.329570e+00	9.304619e-03	1.776917e-01	8.130037e-01
2.558240e+00	5.941884e-03	1.449224e-01	8.491357e-01
2.804876e+00	3.679789e-03	1.158096e-01	8.805106e-01
3.073403e+00	2.198669e-03	9.041275e-02	9.073886e-01
3.368975e+00	1.260020e-03	6.869116e-02	9.300488e-01
3.698656e+00	6.879951e-04	5.052340e-02	9.487886e-01
4.072630e+00	3.553273e-04	3.572215e-02	9.639225e-01
4.506553e+00	1.723002e-04	2.404691e-02	9.757808e-01
4.947663e+00	8.739411e-05	1.628554e-02	9.836271e-01
5.000000e+00	8.097197e-05	1.556749e-02	9.843515e-01


# == Iter    8 ==
Timepoint   	A           	B           	C           
0.000000e+00	1.000000e+00	0.000000e+00	0.000000e+00
1.000000e-04	9.997970e-01	2.030134e-04	1.007904e-08
1.010000e-02	9.797017e-01	2.019652e-02	1.017846e-04
8.378691e-02	8.435784e-01	1.499151e-01	6.506493e-03
1.885413e-01	6.820131e-01	2.882735e-01	2.971344e-02
3.031016e-01	5.405768e-01	3.906844e-01	6.873880e-02
4.273147e-01	4.202147e-01	4.583188e-01	1.214665e-01
5.625379e-01	3.194932e-01	4.947385e-01	1.857683e-01
7.099796e-01	2.370269e-01	5.038596e-01	2.591135e-01
8.661071e-01	1.728327e-01	4.908149e-01	3.363524e-01
1.027388e+00	1.247649e-01	4.625239e-01	4.127112e-01
1.192600e+00	8.939530e-02	4.251580e-01	4.854466e-01
1.362383e+00	6.350200e-02	3.830783e-01	5.534197e-01
1.537806e+00	4.463243e-02	3.392603e-01	6.161073e-01
1.720168e+00	3.096509e-02	2.957198e-01	6.733151e-01
1.910992e+00	2.114813e-02	2.538109e-01	7.250409e-01
2.112055e+00	1.417466e-02	2.144312e-01	7.713941e-01
2.325454e+00	9.291489e-03	1.781603e-01	8.125483e-01
2.553702e+00	5.933076e-03	1.453518e-01	8.487151e-01
2.799890e+00	3.674071e-03	1.161937e-01	8.801322e-01
3.067938e+00	2.195115e-03	9.074722e-02	9.070577e-01
3.362993e+00	1.257936e-03	6.897362e-02	9.297684e-01
3.692115e+00	6.868685e-04	5.075327e-02	9.485599e-01
4.065478e+00	3.547894e-04	3.590081e-02	9.637444e-01
4.498732e+00	1.720940e-04	2.417753e-02	9.756504e-01
4.939410e+00	8.730931e-05	1.637590e-02	9.835368e-01
5.000000e+00	7.992999e-05	1.554267e-02	9.843774e-01


# == Iter    9 ==
Timepoint   	A           	B           	C           
0.000000e+00	1.000000e+00	0.000000e+00	0.000000e+00
1.000000e-04	9.997970e-01	2.030232e-04	1.007952e-08
1.010000e-02	9.797007e-01	2.019749e-02	1.017893e-04
8.378404e-02	8.435764e-01	1.499172e-01	6.506355e-03
1.885347e-01	6.820096e-01	2.882776e-01	2.971278e-02
3.030911e-01	5.405722e-01	3.906904e-01	6.873737e-02
4.273000e-01	4.202096e-01	4.583263e-01	1.214641e-01
5.625188e-01	3.194880e-01	4.947472e-01	1.857648e-01
7.099550e-01	2.370222e-01	5.038692e-01	2.591086e-01
8.660768e-01	1.728287e-01	4.908253e-01	3.363460e-01
1.027350e+00	1.247619e-01	4.625351e-01	4.127030e-01
1.192554e+00	8.939310e-02	4.251700e-01	4.854369e-01
1.362330e+00	6.350038e-02	3.830908e-01	5.534088e-01
1.537745e+00	4.463126e-02	3.392731e-01	6.160957e-01
1.720099e+00	3.096425e-02	2.957326e-01	6.733032e-01
1.910914e+00	2.114753e-02	2.538235e-01	7.250290e-01
2.111968e+00	1.417424e-02	2.144432e-01	7.713826e-01
2.325357e+00	9.291198e-03	1.781715e-01	8.125373e-01
2.553596e+00	5.932881e-03	1.453621e-01	8.487050e-01
2.799774e+00	3.673945e-03	1.162029e-01	8.801231e-01
3.067810e+00	2.195037e-03	9.075524e-02	9.070497e-01
3.362853e+00	1.257892e-03	6.898042e-02	9.297617e-01
3.691961e+00	6.868458e-04	5.075884e-02	9.485543e-01
4.065310e+00	3.547789e-04	3.590515e-02	9.637401e-01
4.498547e+00	1.720903e-04	2.418070e-02	9.756472e-01
4.939216e+00	8.730777e-05	1.637809e-02	9.835346e-01
5.000000e+00	7.990609e-05	1.554214e-02	9.843780e-01


# == Iter   -1 ==
Timepoint   	A           	B           	C           
0.000000e+00	1.000000e+00	0.000000e+00	0.000000e+00
1.000000e-04	9.997970e-01	2.030232e-04	1.007952e-08
1.010000e-02	9.797007e-01	2.019749e-02	1.017893e-04
8.378404e-02	8.435764e-01	1.499172e-01	6.506355e-03
1.885347e-01	6.820096e-01	2.882776e-01	2.971278e-02
3.030911e-01	5.405722e-01	3.906904e-01	6.873737e-02
4.273000e-01	4.202096e-01	4.583263e-01	1.214641e-01
5.625188e-01	3.194880e-01	4.947472e-01	1.857648e-01
7.099550e-01	2.370222e-01	5.038692e-01	2.591086e-01
8.660768e-01	1.728287e-01	4.908253e-01	3.363460e-01
1.027350e+00	1.247619e-01	4.625351e-01	4.127030e-01
1.192554e+00	8.939310e-02	4.251700e-01	4.854369e-01
1.362330e+00	6.350038e-02	3.830908e-01	5.534088e-01
1.537745e+00	4.463126e-02	3.392731e-01	6.160957e-01
1.720099e+00	3.096425e-02	2.957326e-01	6.733032e-01
1.910914e+00	2.114753e-02	2.538235e-01	7.250290e-01
2.111968e+00	1.417424e-02	2.144432e-01	7.713826e-01
2.325357e+00	9.291198e-03	1.781715e-01	8.125373e-01
2.553596e+00	5.932881e-03	1.453621e-01	8.487050e-01
2.799774e+00	3.673945e-03	1.162029e-01	8.801231e-01
3.067810e+00	2.195037e-03	9.075524e-02	9.070497e-01
3.362853e+00	1.257892e-03	6.898042e-02	9.297617e-01
3.691961e+00	6.868458e-04	5.075884e-02	9.485543e-01
4.065310e+00	3.547789e-04	3.590515e-02	9.637401e-01
4.498547e+00	1.720903e-04	2.418070e-02	9.756472e-01
4.939216e+00	8.730777e-05	1.637809e-02	9.835346e-01
5.000000e+00	7.990609e-05	1.554214e-02	9.843780e-01


