# == Iter    0 ==
Timepoint   	A           	B           	C           
0.000000e+00	1.000000e+00	0.000000e+00	0.000000e+00
1.000000e-04	9.999700e-01	2.999430e-05	5.249334e-09
1.010000e-02	9.969746e-01	2.972494e-03	5.287527e-05
8.621031e-02	9.744715e-01	2.202268e-02	3.505847e-03
1.768428e-01	9.483410e-01	3.841301e-02	1.324595e-02
2.752130e-01	9.207765e-01	5.052790e-02	2.869561e-02
3.817831e-01	8.918213e-01	5.894827e-02	4.923046e-02
4.981263e-01	8.612523e-01	6.432341e-02	7.442433e-02
6.251188e-01	8.290823e-01	6.719548e-02	1.037222e-01
7.631153e-01	7.954874e-01	6.808219e-02	1.364304e-01
9.137150e-01	7.603772e-01	6.746184e-02	1.721610e-01
1.079310e+00	7.235580e-01	6.571305e-02	2.107289e-01
1.263280e+00	6.847408e-01	6.311546e-02	2.521437e-01
1.470507e+00	6.435049e-01	5.985823e-02	2.966369e-01
1.708402e+00	5.992195e-01	5.604641e-02	3.447341e-01
1.989060e+00	5.508758e-01	5.169869e-02	3.974255e-01
2.591567e+00	4.598623e-01	4.331411e-02	4.968236e-01
3.863456e+00	3.141030e-01	2.977312e-02	6.561239e-01
4.960826e+00	2.260651e-01	2.158821e-02	7.523466e-01
5.000000e+00	2.234264e-01	2.134288e-02	7.552307e-01


# == Iter    1 ==
Timepoint   	A           	B           	C           
0.000000e+00	1.000000e+00	0.000000e+00	0.000000e+00
1.000000e-04	9.999696e-01	3.037323e-05	5.187474e-09
1.010000e-02	9.969365e-01	3.011252e-03	5.226612e-05
8.741101e-02	9.737981e-01	2.263746e-02	3.564449e-03
1.796104e-01	9.469099e-01	3.957218e-02	1.351793e-02
2.796772e-01	9.185714e-01	5.210200e-02	2.932656e-02
3.880752e-01	8.888336e-01	6.081546e-02	5.035095e-02
5.063989e-01	8.574738e-01	6.637513e-02	7.615107e-02
6.355703e-01	8.245033e-01	6.933624e-02	1.061604e-01
7.758621e-01	7.901308e-01	7.022956e-02	1.396396e-01
9.288471e-01	7.542810e-01	6.955108e-02	1.761679e-01
1.096892e+00	7.167750e-01	6.769527e-02	2.155297e-01
1.283332e+00	6.773424e-01	6.495513e-02	2.577025e-01
1.492969e+00	6.355890e-01	6.153085e-02	3.028801e-01
1.733039e+00	5.909263e-01	5.753695e-02	3.515367e-01
2.015248e+00	5.424208e-01	5.300136e-02	4.045778e-01
2.616199e+00	4.519883e-01	4.433209e-02	5.036796e-01
3.908030e+00	3.053913e-01	3.015151e-02	6.644572e-01
5.000000e+00	2.192451e-01	2.181126e-02	7.589436e-01


# == Iter    2 ==
Timepoint   	A           	B           	C           
0.000000e+00	1.000000e+00	0.000000e+00	0.000000e+00
1.000000e-04	9.999615e-01	3.854591e-05	3.311529e-09
1.010000e-02	9.961141e-01	3.852374e-03	3.354454e-05
8.285162e-02	9.685691e-01	2.928518e-02	2.145717e-03
2.866906e-01	8.954068e-01	8.221801e-02	2.237518e-02
4.585887e-01	8.380432e-01	1.107906e-01	5.116619e-02
6.387667e-01	7.818727e-01	1.295366e-01	8.859074e-02
8.344647e-01	7.251339e-01	1.406678e-01	1.341983e-01
1.048926e+00	6.676835e-01	1.453027e-01	1.870138e-01
1.279843e+00	6.109123e-01	1.445233e-01	2.445643e-01
1.527366e+00	5.554146e-01	1.396233e-01	3.049621e-01
1.793151e+00	5.014280e-01	1.317531e-01	3.668189e-01
2.079660e+00	4.490979e-01	1.218548e-01	4.290473e-01
2.390230e+00	3.985257e-01	1.106721e-01	4.908022e-01
2.729389e+00	3.497824e-01	9.877394e-02	5.514436e-01
3.103406e+00	3.029134e-01	8.658210e-02	6.105045e-01
3.521292e+00	2.579362e-01	7.439682e-02	6.676670e-01
3.996764e+00	2.148265e-01	6.241715e-02	7.227564e-01
4.552820e+00	1.734618e-01	5.074626e-02	7.757919e-01
5.000000e+00	1.460521e-01	4.295343e-02	8.109945e-01


# == Iter    3 ==
Timepoint   	A           	B           	C           
0.000000e+00	1.000000e+00	0.000000e+00	0.000000e+00
1.000000e-04	9.999297e-01	7.029618e-05	3.891681e-09
1.010000e-02	9.929247e-01	7.035842e-03	3.945966e-05
8.609901e-02	9.412730e-01	5.598783e-02	2.739179e-03
3.188380e-01	7.992763e-01	1.680124e-01	3.271132e-02
5.178157e-01	6.950484e-01	2.281163e-01	7.683522e-02
7.281711e-01	5.996464e-01	2.656230e-01	1.347305e-01
9.564394e-01	5.109157e-01	2.845121e-01	2.045722e-01
1.205025e+00	4.291904e-01	2.873217e-01	2.834879e-01
1.473772e+00	3.555087e-01	2.769600e-01	3.675313e-01
1.756735e+00	2.915832e-01	2.572644e-01	4.511525e-01
2.053378e+00	2.368925e-01	2.318443e-01	5.312632e-01
2.364210e+00	1.905737e-01	2.035823e-01	6.058440e-01
2.690239e+00	1.517020e-01	1.746534e-01	6.736446e-01
3.032979e+00	1.193652e-01	1.466098e-01	7.340249e-01
3.394589e+00	9.269726e-02	1.204851e-01	7.868176e-01
3.778144e+00	7.089673e-02	9.689810e-02	8.322052e-01
4.188120e+00	5.323530e-02	7.614930e-02	8.706154e-01
4.631349e+00	3.905865e-02	5.830198e-02	9.026394e-01
5.000000e+00	3.019183e-02	4.653326e-02	9.232749e-01


# == Iter    4 ==
Timepoint   	A           	B           	C           
0.000000e+00	1.000000e+00	0.000000e+00	0.000000e+00
1.000000e-04	9.998891e-01	1.108937e-04	5.992883e-09
1.010000e-02	9.888612e-01	1.107814e-02	6.068799e-05
7.027972e-02	9.250235e-01	7.216414e-02	2.812353e-03
2.631323e-01	7.469823e-01	2.187065e-01	3.431120e-02
4.285821e-01	6.218750e-01	2.971589e-01	8.096609e-02
6.036979e-01	5.122578e-01	3.455176e-01	1.422246e-01
7.935900e-01	4.151632e-01	3.689342e-01	2.159026e-01
1.000056e+00	3.304024e-01	3.708889e-01	2.987087e-01
1.222466e+00	2.583924e-01	3.554710e-01	3.861366e-01
1.455594e+00	1.997330e-01	3.280484e-01	4.722186e-01
1.698782e+00	1.527148e-01	2.935502e-01	5.537350e-01
1.952200e+00	1.154791e-01	2.558471e-01	6.286739e-01
2.216391e+00	8.631160e-02	2.178005e-01	6.958879e-01
2.492255e+00	6.370332e-02	1.813982e-01	7.548985e-01
2.781142e+00	4.636109e-02	1.479114e-01	8.057275e-01
3.085014e+00	3.319909e-02	1.180511e-01	8.487498e-01
3.406752e+00	2.332016e-02	9.210918e-02	8.845707e-01
3.750723e+00	1.599269e-02	7.007696e-02	9.139303e-01
4.124049e+00	1.062563e-02	5.173596e-02	9.376384e-01
4.530625e+00	6.811620e-03	3.699935e-02	9.561890e-01
4.969488e+00	4.218533e-03	2.572484e-02	9.700566e-01
5.000000e+00	4.080453e-03	2.508441e-02	9.708351e-01


# == Iter    5 ==
Timepoint   	A           	B           	C           
0.000000e+00	1.000000e+00	0.000000e+00	0.000000e+00
1.000000e-04	9.998408e-01	1.592212e-04	8.022339e-09
1.010000e-02	9.840455e-01	1.587341e-02	8.112878e-05
9.848161e-02	8.548747e-01	1.379780e-01	7.147261e-03
2.217246e-01	7.026082e-01	2.647691e-01	3.262270e-02
3.561959e-01	5.672881e-01	3.574773e-01	7.523461e-02
5.019506e-01	4.499356e-01	4.175080e-01	1.325565e-01
6.604912e-01	3.497314e-01	4.482126e-01	2.020559e-01
8.331780e-01	2.658541e-01	4.533842e-01	2.807616e-01
1.017458e+00	1.984578e-01	4.378891e-01	3.636532e-01
1.210931e+00	1.460477e-01	4.078502e-01	4.461021e-01
1.413340e+00	1.060078e-01	3.688021e-01	5.251901e-01
1.624905e+00	7.587384e-02	3.251869e-01	5.989393e-01
1.844381e+00	5.366178e-02	2.807170e-01	6.656212e-01
2.072059e+00	3.749052e-02	2.378033e-01	7.247062e-01
2.309540e+00	2.581351e-02	1.978192e-01	7.763673e-01
2.558887e+00	1.746407e-02	1.615440e-01	8.209920e-01
2.822547e+00	1.156924e-02	1.293725e-01	8.590582e-01
3.103434e+00	7.474257e-03	1.014396e-01	8.910861e-01
3.405080e+00	4.686674e-03	7.769809e-02	9.176152e-01
3.731889e+00	2.836007e-03	5.797011e-02	9.391939e-01
4.089535e+00	1.644519e-03	4.198260e-02	9.563729e-01
4.485611e+00	9.057671e-04	2.939342e-02	9.697008e-01
4.930748e+00	4.685147e-04	1.981270e-02	9.797188e-01
5.000000e+00	4.233746e-04	1.865199e-02	9.809246e-01


# == Iter    6 ==
Timepoint   	A           	B           	C           
0.000000e+00	1.000000e+00	0.000000e+00	0.000000e+00
1.000000e-04	9.998053e-01	1.946988e-04	9.669540e-09
1.010000e-02	9.805250e-01	1.937736e-02	9.767604e-05
8.623826e-02	8.454323e-01	1.479557e-01	6.611998e-03
1.941448e-01	6.852743e-01	2.845111e-01	3.021462e-02
3.121070e-01	5.447420e-01	3.853811e-01	6.987695e-02
4.400031e-01	4.247928e-01	4.517773e-01	1.234299e-01
5.792178e-01	3.240982e-01	4.872258e-01	1.886760e-01
7.310691e-01	2.413281e-01	4.956234e-01	2.630485e-01
8.920160e-01	1.766023e-01	4.820611e-01	3.413366e-01
1.059705e+00	1.276048e-01	4.531505e-01	4.192447e-01
1.231645e+00	9.148764e-02	4.151993e-01	4.933131e-01
1.408313e+00	6.503308e-02	3.726912e-01	5.622757e-01
1.590782e+00	4.574586e-02	3.286589e-01	6.255953e-01
1.780390e+00	3.176814e-02	2.851370e-01	6.830948e-01
1.978707e+00	2.172083e-02	2.434760e-01	7.348031e-01
2.187567e+00	1.457700e-02	2.045557e-01	7.808673e-01
2.409130e+00	9.568661e-03	1.689291e-01	8.215022e-01
2.645984e+00	6.119244e-03	1.369181e-01	8.569626e-01
2.901305e+00	3.795100e-03	1.086753e-01	8.875296e-01
3.179108e+00	2.270527e-03	8.422464e-02	9.135048e-01
3.484658e+00	1.302340e-03	6.348904e-02	9.352086e-01
3.825146e+00	7.110425e-04	4.631066e-02	9.529783e-01
4.210897e+00	3.664966e-04	3.246654e-02	9.671670e-01
4.657700e+00	1.767435e-04	2.168211e-02	9.781412e-01
5.000000e+00	1.045515e-04	1.606263e-02	9.838328e-01


# == Iter    7 ==
Timepoint   	A           	B           	C           
0.000000e+00	1.000000e+00	0.000000e+00	0.000000e+00
1.000000e-04	9.997974e-01	2.025919e-04	1.005825e-08
1.010000e-02	9.797434e-01	2.015501e-02	1.015760e-04
8.390752e-02	8.436703e-01	1.498180e-01	6.511743e-03
1.888175e-01	6.821736e-01	2.880878e-01	2.973854e-02
3.035456e-01	5.407814e-01	3.904227e-01	6.879588e-02
4.279405e-01	4.204391e-01	4.579958e-01	1.215652e-01
5.633608e-01	3.197184e-01	4.943670e-01	1.859146e-01
7.110316e-01	2.372313e-01	5.034512e-01	2.593174e-01
8.673991e-01	1.730115e-01	4.903783e-01	3.366102e-01
1.028993e+00	1.248995e-01	4.620548e-01	4.130456e-01
1.194534e+00	8.949449e-02	4.246586e-01	4.858469e-01
1.364653e+00	6.357457e-02	3.825564e-01	5.538690e-01
1.540421e+00	4.468520e-02	3.387268e-01	6.165880e-01
1.723137e+00	3.100315e-02	2.951862e-01	6.738106e-01
1.914327e+00	2.117527e-02	2.532888e-01	7.255359e-01
2.115772e+00	1.419372e-02	2.139311e-01	7.718752e-01
2.329571e+00	9.304601e-03	1.776915e-01	8.130039e-01
2.558242e+00	5.941868e-03	1.449222e-01	8.491359e-01
2.804879e+00	3.679776e-03	1.158094e-01	8.805108e-01
3.073405e+00	2.198661e-03	9.041256e-02	9.073888e-01
3.368977e+00	1.260016e-03	6.869103e-02	9.300490e-01
3.698658e+00	6.879930e-04	5.052330e-02	9.487887e-01
4.072632e+00	3.553261e-04	3.572208e-02	9.639226e-01
4.506555e+00	1.722999e-04	2.404687e-02	9.757808e-01
4.947666e+00	8.739387e-05	1.628550e-02	9.836271e-01
5.000000e+00	8.097205e-05	1.556749e-02	9.843515e-01


# == Iter    8 ==
Timepoint   	A           	B           	C           
0.000000e+00	1.000000e+00	0.000000e+00	0.000000e+00
1.000000e-04	9.997970e-01	2.030134e-04	1.007904e-08
1.010000e-02	9.797017e-01	2.019652e-02	1.017846e-04
8.378692e-02	8.435784e-01	1.499151e-01	6.506493e-03
1.885413e-01	6.820131e-01	2.882735e-01	2.971344e-02
3.031016e-01	5.405767e-01	3.906845e-01	6.873884e-02
4.273148e-01	4.202146e-01	4.583188e-01	1.214666e-01
5.625381e-01	3.194931e-01	4.947385e-01	1.857684e-01
7.099799e-01	2.370268e-01	5.038595e-01	2.591137e-01
8.661076e-01	1.728326e-01	4.908148e-01	3.363526e-01
1.027388e+00	1.247648e-01	4.625238e-01	4.127114e-01
1.192600e+00	8.939520e-02	4.251579e-01	4.854469e-01
1.362384e+00	6.350192e-02	3.830781e-01	5.534200e-01
1.537807e+00	4.463237e-02	3.392601e-01	6.161075e-01
1.720169e+00	3.096505e-02	2.957196e-01	6.733153e-01
1.910992e+00	2.114810e-02	2.538108e-01	7.250411e-01
2.112056e+00	1.417464e-02	2.144311e-01	7.713943e-01
2.325454e+00	9.291476e-03	1.781601e-01	8.125484e-01
2.553703e+00	5.933066e-03	1.453517e-01	8.487152e-01
2.799891e+00	3.674065e-03	1.161936e-01	8.801323e-01
3.067939e+00	2.195112e-03	9.074716e-02	9.070577e-01
3.362993e+00	1.257936e-03	6.897362e-02	9.297684e-01
3.692114e+00	6.868695e-04	5.075330e-02	9.485598e-01
4.065477e+00	3.547902e-04	3.590085e-02	9.637444e-01
4.498729e+00	1.720948e-04	2.417759e-02	9.756503e-01
4.939408e+00	8.730958e-05	1.637593e-02	9.835368e-01
5.000000e+00	7.992999e-05	1.554267e-02	9.843774e-01


# == Iter    9 ==
Timepoint   	A           	B           	C           
0.000000e+00	1.000000e+00	0.000000e+00	0.000000e+00
1.000000e-04	9.997970e-01	2.030232e-04	1.007952e-08
1.010000e-02	9.797007e-01	2.019749e-02	1.017893e-04
8.378407e-02	8.435764e-01	1.499173e-01	6.506359e-03
1.885349e-01	6.820094e-01	2.882778e-01	2.971284e-02
3.030913e-01	5.405720e-01	3.906906e-01	6.873745e-02
4.273002e-01	4.202094e-01	4.583264e-01	1.214642e-01
5.625190e-01	3.194878e-01	4.947473e-01	1.857649e-01
7.099554e-01	2.370220e-01	5.038692e-01	2.591088e-01
8.660772e-01	1.728285e-01	4.908252e-01	3.363462e-01
1.027351e+00	1.247617e-01	4.625350e-01	4.127032e-01
1.192555e+00	8.939298e-02	4.251699e-01	4.854372e-01
1.362331e+00	6.350029e-02	3.830906e-01	5.534091e-01
1.537746e+00	4.463118e-02	3.392729e-01	6.160960e-01
1.720100e+00	3.096420e-02	2.957324e-01	6.733034e-01
1.910915e+00	2.114749e-02	2.538233e-01	7.250292e-01
2.111969e+00	1.417422e-02	2.144430e-01	7.713828e-01
2.325358e+00	9.291180e-03	1.781713e-01	8.125375e-01
2.553597e+00	5.932864e-03	1.453619e-01	8.487052e-01
2.799776e+00	3.673932e-03	1.162027e-01	8.801233e-01
3.067812e+00	2.195030e-03	9.075510e-02	9.070499e-01
3.362854e+00	1.257888e-03	6.898031e-02	9.297618e-01
3.691962e+00	6.868442e-04	5.075878e-02	9.485544e-01
4.065311e+00	3.547778e-04	3.590509e-02	9.637401e-01
4.498548e+00	1.720901e-04	2.418069e-02	9.756472e-01
4.939217e+00	8.730767e-05	1.637808e-02	9.835346e-01
5.000000e+00	7.990609e-05	1.554214e-02	9.843780e-01


# == Iter   -1 ==
Timepoint   	A           	B           	C           
0.000000e+00	1.000000e+00	0.000000e+00	0.000000e+00
1.000000e-04	9.997970e-01	2.030232e-04	1.007952e-08
1.010000e-02	9.797007e-01	2.019749e-02	1.017893e-04
8.378407e-02	8.435764e-01	1.499173e-01	6.506359e-03
1.885349e-01	6.820094e-01	2.882778e-01	2.971284e-02
3.030913e-01	5.405720e-01	3.906906e-01	6.873745e-02
4.273002e-01	4.202094e-01	4.583264e-01	1.214642e-01
5.625190e-01	3.194878e-01	4.947473e-01	1.857649e-01
7.099554e-01	2.370220e-01	5.038692e-01	2.591088e-01
8.660772e-01	1.728285e-01	4.908252e-01	3.363462e-01
1.027351e+00	1.247617e-01	4.625350e-01	4.127032e-01
1.192555e+00	8.939298e-02	4.251699e-01	4.854372e-01
1.362331e+00	6.350029e-02	3.830906e-01	5.534091e-01
1.537746e+00	4.463118e-02	3.392729e-01	6.160960e-01
1.720100e+00	3.096420e-02	2.957324e-01	6.733034e-01
1.910915e+00	2.114749e-02	2.538233e-01	7.250292e-01
2.111969e+00	1.417422e-02	2.144430e-01	7.713828e-01
2.325358e+00	9.291180e-03	1.781713e-01	8.125375e-01
2.553597e+00	5.932864e-03	1.453619e-01	8.487052e-01
2.799776e+00	3.673932e-03	1.162027e-01	8.801233e-01
3.067812e+00	2.195030e-03	9.075510e-02	9.070499e-01
3.362854e+00	1.257888e-03	6.898031e-02	9.297618e-01
3.691962e+00	6.868442e-04	5.075878e-02	9.485544e-01
4.065311e+00	3.547778e-04	3.590509e-02	9.637401e-01
4.498548e+00	1.720901e-04	2.418069e-02	9.756472e-01
4.939217e+00	8.730767e-05	1.637808e-02	9.835346e-01
5.000000e+00	7.990609e-05	1.554214e-02	9.843780e-01


